1.049473772659452456e+28 3.816504390350948706e+30 5.154149803397837604e+32 3.145179060226060053e+34 1.004294890038638567e+36 1.871796160999439850e+37 2.210516460470595171e+38 1.760199119527934395e+39 9.904954512516953234e+39 4.077406269078471452e+40 1.257053325465082252e+41 2.937583416515863737e+41 5.192974100614953010e+41 6.784752997721051984e+41 6.146039025234343583e+41 3.264684659571942087e+41 6.281140063144892612e+40 7.555579830489313323e+40 2.506564071577122578e+41 2.457500315749061965e+41
1.225516988629212070e+32 5.035136942515422934e+34 7.255977419824163560e+36 4.570204562933058412e+38 1.474403914918006844e+40 2.735319237684138518e+41 3.179689386235308634e+42 2.470076800361925863e+43 1.345780290644020974e+44 5.328059057662122543e+44 1.570067329078284828e+45 3.486310546278797670e+45 5.822236446982878447e+45 7.148523685046099318e+45 6.079242375019662899e+45 3.143406624065699551e+45 9.801004087099285446e+44 1.384341148810367606e+45 2.709863073995046401e+45 2.449204807756819085e+45
2.314290659762693801e+35 1.069166514715959015e+38 1.638203231919382893e+40 1.062385199015535417e+42 3.457427035650129913e+43 6.379321015516199107e+44 7.297435647089062644e+45 5.531385977672226511e+46 2.919749753247664613e+47 1.113027646321838792e+48 3.140935162332977514e+48 6.647788648661842443e+48 1.054567276587072599e+49 1.229809804944147050e+49 1.006554095752406774e+49 5.448955973658827637e+48 2.639176167490631407e+48 3.461101725233323737e+48 5.009222322214550666e+48 4.555544942392491649e+48
1.259157629997493011e+38 6.531381583222696266e+40 1.062563901626625217e+43 7.088084865212166512e+44 2.326008863077289629e+46 4.268664737469007644e+47 4.807449648854366966e+48 3.558679708341987660e+49 1.822206915093949934e+50 6.700388870370929131e+50 1.815422952229866957e+51 3.676865142756753020e+51 5.576773621930582969e+51 6.252026639015255609e+51 5.050488598787367553e+51 2.997481356315586975e+51 1.931730180252089842e+51 2.308101704166796603e+51 2.821521780940757628e+51 2.653376445880102599e+51
2.487617253610425790e+40 1.456860359778577888e+43 2.523015035986671366e+45 1.734155115954915128e+47 5.746737052567844402e+48 1.050529647866138819e+50 1.166695967701767688e+51 8.449438456649906852e+51 4.205799085649211288e+52 1.495588205660834526e+53 3.903708518548365843e+53 7.602061771346013335e+53 1.110606806740988671e+54 1.212074001678662845e+54 9.875306449431343391e+53 6.513716765121082099e+53 4.960040100195984767e+53 5.516719222360807348e+53 6.151289890464010452e+53 5.955676341632073130e+53
1.998994064094135785e+42 1.347580912777063923e+45 2.509140039761921007e+47 1.788115361740891611e+49 6.011004385982958677e+50 1.098605213903656284e+52 1.207100116794798634e+53 8.579782938656245918e+53 4.164981628045983238e+54 1.437439856222970534e+55 3.629983697793051367e+55 6.835295207196755695e+55 9.696399884127501577e+55 1.042759889429955294e+56 8.703273694871656646e+55 6.329672721951300158e+55 5.300752958831179154e+55 5.616972435723641320e+55 5.961130763286686321e+55 5.875988402072330216e+55
6.812905835388588372e+43 5.557635794285814784e+46 1.139695506662601918e+49 8.539457029711943496e+50 2.939205692680695680e+52 5.407722688758702402e+53 5.911322496634927216e+54 4.143829755388918098e+55 1.970901891019433078e+56 6.633093131038188326e+56 1.629231918869278990e+57 2.985661666972248377e+57 4.147538161491060372e+57 4.443550656370168330e+57 3.834358326242282031e+57 3.024780611984326566e+57 2.677203141900690687e+57 2.751562931512959638e+57 2.843068181436190179e+57 2.828348807151213614e+57
9.416013161428905431e+44 1.063789495200394056e+48 2.530630862953402317e+50 2.045879173710977737e+52 7.321521328949243756e+53 1.370232508843168395e+55 1.501890843431987192e+56 1.045094624654879439e+57 4.898704146297637298e+57 1.616928237824874268e+58 3.886473262674293745e+58 6.980146656245437996e+58 9.575647980500148340e+58 1.031530377242873908e+59 9.239236606641575299e+58 7.774335577869436913e+58 7.120065841685162766e+58 7.185831745224387735e+58 7.315054089483126474e+58 7.306874657442553090e+58
4.279405840025948287e+45 1.004242983569908274e+49 3.024745888725207019e+51 2.725777940426592735e+53 1.030694301120077754e+55 1.981372371509702724e+56 2.192804409567912593e+57 1.523273531486968947e+58 7.073197677795943003e+58 2.301688274847498767e+59 5.444671605507452920e+59 9.646260796492179216e+59 1.316560450280996805e+60 1.435884919919160645e+60 1.335385914477590449e+60 1.182101707761695431e+60 1.107996992026329954e+60 1.107048938836271433e+60 1.117327458307620194e+60 1.117722472456352746e+60
2.719994030118955900e+46 6.968059119810789796e+49 2.489465863476848225e+52 2.438008724858080927e+54 9.611459775146810611e+55 1.883494273524248726e+57 2.095791201364923290e+58 1.450532755264760337e+59 6.670464216443613651e+59 2.142448436422983315e+60 5.000165187944507723e+60 8.771984508876696867e+60 1.196658788526783112e+61 1.325981442195968747e+61 1.277259517079801712e+61 1.176825893765036240e+61 1.122551378091832654e+61 1.116338419487548674e+61 1.121066427350228571e+61 1.121798168714205488e+61
9.060586757594480009e+47 7.435298376823224412e+50 2.038460780113459639e+53 1.860749971413081741e+55 7.124442179172844762e+56 1.369384299284222356e+58 1.497267320883089821e+59 1.017874269242988738e+60 4.594846317596275819e+60 1.449116920622385615e+61 3.328529959838309969e+61 5.779387355102676204e+61 7.884394745171209717e+61 8.870611711502466820e+61 8.805291989926907996e+61 8.370573888597810885e+61 8.098545691083507325e+61 8.043717168729055104e+61 8.055193984749288275e+61 8.059418733498843836e+61
1.110295371179459462e+49 7.334478524051794353e+51 1.561894711784888366e+54 1.241884459847479994e+56 4.393821079122894663e+57 8.017273288358178748e+58 8.430215381701754390e+59 5.548982017277720298e+60 2.435497455397950147e+61 7.495487836936631364e+61 1.687938902085243126e+62 2.894041932483096775e+62 3.940878436995964258e+62 4.487055207311054064e+62 4.559833353646043507e+62 4.438025189347511836e+62 4.343070668819070272e+62 4.316648346630825999e+62 4.316888010914815847e+62 4.317962483787356748e+62
6.774964426160596042e+49 4.425489888323574735e+52 8.528177457380231399e+54 6.204477575160604466e+56 2.054252988085085932e+58 3.564356253290406263e+59 3.600017014405181007e+60 2.290737852465196480e+61 9.764231054250936130e+61 2.930590747091705609e+62 6.468670329994712455e+62 1.094885974164985569e+63 1.486544657686492752e+63 1.707345811385686039e+63 1.765571249611419506e+63 1.748208016076487415e+63 1.726015060510172003e+63 1.718066113666770831e+63 1.717276717589199092e+63 1.717152835519616713e+63
2.495389204221890967e+50 1.655101018556926588e+53 3.071718632515603789e+55 2.133954076760100626e+57 6.777251053752332773e+58 1.134671805999195028e+60 1.111112106720920819e+61 6.879576123563739120e+61 2.861995128531483444e+62 8.410311905607061710e+62 1.825261407182124296e+63 3.056127137086492905e+63 4.138695036413324207e+63 4.784864449283130507e+63 5.012283261646936212e+63 5.025211402123769949e+63 4.994820185774094517e+63 4.979962218246656829e+63 4.977351409521062121e+63 4.978326483952065268e+63
6.070420263394596886e+50 4.067941425170910930e+53 7.413317879414000514e+55 5.018802797081623967e+57 1.553406298031295238e+59 2.539530415101344298e+60 2.433112267860068960e+61 1.476575331363752816e+62 6.031295956851474429e+62 1.743997276820466131e+63 3.736297792649825103e+63 6.205223558995120402e+63 8.389394518125028090e+63 9.749920206513268566e+63 1.031160011898204488e+64 1.043198795393975789e+64 1.042108506808255583e+64 1.040565111586861443e+64 1.040162601614444302e+64 1.040582021938237127e+64
1.019476813979214327e+51 6.848891843330376530e+53 1.232494884679716870e+56 8.204507129981781274e+57 2.496326162450768873e+59 4.015093727642735085e+60 3.788430203150901333e+61 2.266340664457452873e+62 9.135251830701446125e+62 2.610683065529792635e+63 5.540966011040447881e+63 9.150007253256826307e+63 1.235999204899614744e+64 1.442304483953811489e+64 1.536087599587421527e+64 1.564067229791703728e+64 1.568165311977612296e+64 1.567773668139062559e+64 1.567486982308823045e+64 1.565527953670964274e+64
1.211377422401124612e+51 8.113074794636535637e+53 1.444299586187513143e+56 9.495403414013112124e+57 2.854090913382906412e+59 4.538199089803773213e+60 4.236315326151157805e+61 2.508980879631116201e+62 1.002019343225034215e+63 2.840374996479223887e+63 5.990057711882977718e+63 9.854455839950613307e+63 1.330679351799988831e+64 1.557422025215686553e+64 1.666709150675453566e+64 1.704490695109368058e+64 1.713261549956652631e+64 1.714395274365589487e+64 1.714417399908967959e+64 1.715430434703876324e+64
1.036625022592748942e+51 6.893604990815291227e+53 1.214889994761737203e+56 7.908362884856811775e+57 2.355729378179933824e+59 3.715579354556538212e+60 3.443157598029285811e+61 2.025742879944140017e+62 8.042217287327853302e+62 2.268067915540142911e+63 4.764501316388720841e+63 7.821115755591957575e+63 1.056034716726781606e+64 1.238342890816991223e+64 1.329128044269155743e+64 1.362793730613826802e+64 1.371867442303136020e+64 1.373553019549856457e+64 1.373750345045354254e+64 1.375974680860568660e+64
6.489727288134780939e+50 4.269899974105181868e+53 7.450822942312372944e+55 4.810044598000060045e+57 1.423135054060495907e+59 2.232239447252223650e+60 2.059121933374902525e+61 1.206853731809606227e+62 4.776195144586476477e+62 1.343650686530015184e+63 2.817703021515590333e+63 4.621399417372914236e+63 6.240511051029104360e+63 7.324258348875402453e+63 7.870800865830888970e+63 8.078469161331963368e+63 8.136970193656226721e+63 8.148736781848050063e+63 8.150282747025441803e+63 8.127043784329657453e+63
3.016096040105407010e+50 1.956468659341604885e+53 3.379360572046977662e+55 2.165781170719085710e+57 6.375109523252937363e+58 9.964508778568833460e+59 9.170570059354757342e+60 5.367501225827880715e+61 2.122829864678039854e+62 5.971273768697447987e+62 1.252476666474258096e+63 2.054887232085440628e+63 2.775337963346420010e+63 3.256957824723716534e+63 3.498699582099249818e+63 3.589494040431733261e+63 3.614451565384456762e+63 3.619232344942120241e+63 3.619819630098485976e+63 3.624095673911511867e+63
1.054376760860559482e+50 6.720485437773587578e+52 1.148319945132907848e+55 7.310299213054371160e+56 2.143512203327011103e+58 3.344172965653930834e+59 3.076631981313696360e+60 1.802140608437072522e+61 7.138708358725806511e+61 2.012119689000533420e+62 4.228945887642402685e+62 6.948158053355393996e+62 9.386909273331663643e+62 1.100447048490427596e+63 1.179902161481525389e+63 1.208327016699189969e+63 1.215370697722973850e+63 1.216438009505457059e+63 1.216505966311935270e+63 1.218382265352743309e+63
2.801427622143043945e+49 1.749323678026768210e+52 2.954498102850695895e+54 1.868943441381300335e+56 5.464281370818599356e+57 8.521242310514184539e+58 7.850227242537370990e+59 4.610774708019148778e+60 1.833086558617375458e+61 5.187620377603508987e+61 1.094364378839357786e+62 1.802551666627254511e+62 2.436291657777843850e+62 2.850716914349273419e+62 3.046311742527902537e+62 3.109747760472471995e+62 3.121848624466816481e+62 3.122292403006224067e+62 3.121931366568564081e+62 3.115908984907989259e+62
5.677695688784512541e+48 3.464918431681306636e+51 5.780066662187214586e+53 3.634144545435503504e+55 1.060376885626730073e+57 1.654959082986222841e+58 1.529110909912135418e+59 9.021616447775054416e+59 3.606622413249355044e+60 1.026733296156086772e+61 2.177623605647067261e+61 3.599774453768239773e+61 4.868629392429641642e+61 5.681656460778105435e+61 6.042351852436275396e+61 6.139816001731021772e+61 6.146837031907893678e+61 6.141640486001768662e+61 6.139766217178070011e+61 6.140311131488642325e+61
8.667403113703717881e+47 5.159510803798693330e+50 8.496517548887300912e+52 5.311335127060687850e+54 1.547901509218346740e+56 2.420717316491772226e+57 2.246485945380608271e+58 1.333608106954809492e+59 5.370722460181172126e+59 1.540796605910716576e+60 3.290831640060784871e+60 5.465963574535689152e+60 7.400174192344310665e+60 8.607242304938527904e+60 9.096420447893582615e+60 9.186939280363499558e+60 9.164639393721645210e+60 9.146011554447505136e+60 9.141720523824939493e+60 9.149423177520165442e+60
