0.010545002379802555
0.03947174429953844
0.08035163481206369
0.11751538362979985
0.1376981419391762
0.15611346923732886
0.17587314145999144
0.17498787085672066
0.1564394644074606
0.13157483568707037
0.12381314852797272
0.1292240627153719
0.12245946944734885
0.10863173011742792
0.09433032708238354
0.08387632845754987
0.08690184185614784
0.08242122336251859
0.07300923550080116
0.062212495458761764
0.06032015553967526
0.057934722278768905
0.05191250132367576
0.04562438418509493
0.04286108366348436
0.03959688592710977
0.03526249558746266
0.03242574689036004
0.029515683263635666
0.026622690175562656
0.024176483012732005
0.022245090056493992
0.019855012659487723
0.01804340024644126
0.016624951709637386
0.014819761538377626
0.013546230678798721
0.012404930790724375
0.011056940207522932
0.010216721677177699
0.009263763122270927
0.008389354165520576
0.007717446143072001
0.006940555120135154
0.006435416972995791
0.005848429921237555