0.9999999354237005
0.9999999488008836
0.9999999431301068
0.9999999277293546
0.9999998919779564
0.9999998422832143
0.9999997915095277
0.9999997064095673
0.9999995726334755
0.9999993344512915
0.99999905568192
0.999998794778832
0.9999982781556389
0.9999975139128809
0.9999964285132118
0.999994708346969
0.9999934599776528
0.9999907174696167
0.9999867522943295
0.99998015222317
0.9999745948228115
0.9999657625019351
0.9999512444354203
0.9999306067463409
0.9999096443818333
0.9998776810809125
0.99982859153234
0.9997746020948577
0.9996969754553614
0.9995924620727864
0.9994588642728046
0.9992990803625468
0.9990547526259488
0.9987725396686451
0.9984360287278685
0.9979139416218661
0.9973559080727765
0.9966488372067026
0.9955991592880787
0.9945848308117611
0.9930884123361465
0.9912735387899245
0.9893003224338147
0.9863766694269047
0.9836131987382074
