0.21973945250980015
0.3603572135176268
0.4382743854897094
0.47402823481128026
0.46544030288994714
0.46434026783664356
0.481337581195095
0.47687613879808693
0.4589627787185322
0.42717802170776104
0.4241999080857257
0.4452310027120105
0.4336693031233987
0.41515216784578796
0.39807892712581233
0.38160459945174363
0.4068053716512806
0.3974470003057481
0.37770497119413293
0.35196640189976747
0.3644347139747037
0.3665090528566428
0.34890938347874995
0.3312117205360773
0.3345507414161208
0.3299887358879386
0.3150172954818621
0.3115695949501511
0.30489419356561287
0.2958805163348321
0.2891537303140855
0.28606682350614815
0.2747605941814638
0.2688652391510722
0.26641637526772194
0.2552815972228559
0.2508685039538515
0.24681199493961525
0.23619693331185898
0.23413529345833362
0.22743434179268568
0.2204548624220856
0.21724361064931966
0.21099643462388262
0.21812386261044756
0.23907219397772292