1.260114019194493420e+36 4.487559274881209260e+37 1.040224070793375203e+39 1.591537326891791091e+40 1.661215683274762239e+41 1.224356875055452306e+42 6.582410742793426522e+42 2.659224099656910428e+43 8.293965826981835974e+43 2.047654509460526099e+44 4.097495917345002386e+44 6.801765223143925434e+44 9.591726201931832045e+44 1.179291370817706209e+45 1.302937969219890168e+45 1.340436499995094774e+45 1.332745042468264081e+45 1.317948672380292010e+45 1.311458665745553112e+45 1.308959948473208054e+45
1.287762782578083834e+38 5.880531763664104342e+39 1.618907716307260294e+41 2.805299189263331844e+42 3.206517983563519053e+43 2.525420428533041841e+44 1.424585680538437251e+45 5.954275750100683170e+45 1.900126312615752524e+46 4.757145946750470269e+46 9.584599825848135152e+46 1.593190700593458624e+47 2.241540612617247679e+47 2.745258960834887262e+47 3.022970991263096000e+47 3.106055572640888130e+47 3.090806394904917057e+47 3.060840509631227970e+47 3.047858384285025502e+47 3.042356458193901682e+47
2.855830229035055465e+39 1.691437208911108972e+41 5.548159419628711772e+42 1.088401739876039075e+44 1.359973726818550954e+45 1.142261417961366132e+46 6.748031240655175113e+46 2.913400107992638756e+47 9.500953830658677655e+47 2.410032397453531959e+48 4.886340492375605600e+48 8.131472726847025814e+48 1.141490141441779173e+49 1.392960291714349259e+49 1.529341937212719545e+49 1.569877907465598079e+49 1.563562204823443545e+49 1.550396656730772980e+49 1.544709993415182296e+49 1.543886891030609389e+49
2.385294677868073666e+40 1.860691708909328884e+42 7.341805058555602005e+43 1.635706547279945116e+45 2.235719299747995550e+46 2.001988930592303915e+47 1.237903341479558092e+48 5.517708473408078156e+48 1.838102307376144044e+49 4.723157420083975862e+49 9.636784338722507342e+49 1.605838129601370538e+50 2.250081196491126309e+50 2.737272343907166547e+50 2.997965729220783009e+50 3.075585196885554806e+50 3.066133025414057201e+50 3.043859387976288152e+50 3.034150248000526150e+50 3.036091709740257736e+50
8.891355170925791626e+40 9.541178731819843512e+42 4.628492171280350544e+44 1.183368148438091845e+46 1.779046762954737202e+47 1.703811899233897028e+48 1.104947839414974629e+49 5.092037481230430738e+49 1.734800197035666405e+50 4.520270817030544427e+50 9.290227702616491615e+50 1.551666492727281248e+51 2.172215718269360536e+51 2.636750386576248193e+51 2.883005469607425159e+51 2.957188184359709229e+51 2.951165123220442216e+51 2.932835297602376954e+51 2.924657467731633301e+51 2.926448121813126285e+51
1.497610396700804884e+41 2.408799260827148634e+43 1.503967943584879935e+45 4.528887979700804023e+46 7.608324481132093611e+47 7.874011868571780873e+48 5.394107251542229657e+49 2.583580660355309860e+50 9.038008882223941434e+50 2.395720099499689343e+51 4.972947761243708464e+51 8.343772920329828475e+51 1.169228662618851780e+52 1.418353329922457326e+52 1.549948571328948563e+52 1.590556392761309346e+52 1.589195573119053024e+52 1.580876380993359922e+52 1.577015734807805254e+52 1.575547822674959439e+52
1.661381875994866770e+41 2.806554185598097497e+43 2.432273147353205025e+45 9.228110443606284495e+46 1.807702917304383331e+48 2.077609155359049107e+49 1.531333805488394155e+50 7.722381006610697571e+50 2.800432568381118948e+51 7.606256121133652181e+51 1.603627226270944424e+52 2.714896298427113081e+52 3.821512818454284466e+52 4.644959873638233583e+52 5.082114460744302612e+52 5.222544120178383639e+52 5.225689551199690591e+52 5.203285831362212043e+52 5.192218076270198736e+52 5.178454431501184255e+52
6.890963712508368657e+41 2.126807873848480605e+43 1.437019042271020297e+45 8.584501168797520138e+46 2.262394384795265640e+48 3.124716445331972969e+49 2.596561344785603662e+50 1.420336206359375997e+51 5.447936919609733499e+51 1.537998660522293058e+52 3.328061817198051158e+52 5.730042231934282885e+52 8.150006534302442787e+52 9.968827776690672695e+52 1.095169923577733022e+53 1.128748439589950184e+53 1.131710897517658861e+53 1.128022740097733768e+53 1.125976328330654444e+53 1.124011646597628916e+53
2.658231580510866483e+42 9.753220947718388364e+43 5.334645112750937635e+44 1.207843374441312636e+46 1.194740699114684317e+48 2.615848051590947094e+49 2.745946442789744115e+50 1.725662771085790016e+51 7.236371212471488994e+51 2.168145010818052479e+52 4.884088523604957156e+52 8.639602897807727628e+52 1.251158334411694859e+53 1.548792240414117676e+53 1.715194299902365250e+53 1.777119596809451917e+53 1.787236379215583088e+53 1.783793447475281299e+53 1.781209708390355520e+53 1.787025453357363473e+53
5.759311695043070797e+42 3.740869370763773883e+44 7.877276233010221185e+45 7.180607516396443767e+46 1.066128049242371187e+48 2.286932116274550945e+49 2.741130541817316267e+50 1.903473713083719110e+51 8.549301552728075804e+51 2.685834947902111545e+52 6.253543366184244662e+52 1.132292913432318651e+53 1.667498370052994232e+53 2.090096446261242601e+53 2.336608199225159837e+53 2.437371105003338968e+53 2.461230341034981611e+53 2.460934985625203050e+53 2.458596826139596539e+53 2.480156008435301026e+53
8.481191358536697191e+42 8.093986594387867288e+44 2.857248666642461530e+46 5.232362355487462152e+47 6.755815040356603542e+48 7.116833181127473571e+49 5.749751399902360993e+50 3.321117734866826029e+51 1.363663301160339331e+52 4.088199483405261271e+52 9.277645759349951609e+52 1.656535527877430486e+53 2.423598146299117916e+53 3.033819967748557651e+53 3.398987697410686301e+53 3.558392294931093856e+53 3.604463380902623895e+53 3.610232887206745907e+53 3.608780846979683986e+53 3.634620566172599564e+53
1.019945754475351965e+43 1.234923898163273777e+45 5.690040782215012435e+46 1.340839492910280769e+48 1.955140647481711538e+49 1.947098051485668071e+50 1.372801154615344043e+51 6.960659539684482576e+51 2.585132066460919247e+52 7.208806039583710118e+52 1.554573764486344969e+53 2.680123035511279410e+53 3.833119809613138050e+53 4.736564248817577377e+53 5.277296578111158891e+53 5.519689258834207476e+53 5.596369288624098826e+53 5.610618803534073342e+53 5.610494305126177441e+53 5.586923291337592367e+53
1.136164465390992340e+43 1.537099483441542040e+45 8.228942841179073624e+46 2.211818660254000399e+48 3.488513553067239957e+49 3.538692018297759006e+50 2.439484864879496197e+51 1.188363191539522190e+52 4.228765186639473076e+52 1.134475286068722614e+53 2.368914677306240182e+53 3.982495751061624833e+53 5.593078569837281107e+53 6.831609618814359041e+53 7.566313098510065368e+53 7.898209593142974202e+53 8.007857049136708469e+53 8.031676502418022463e+53 8.033445486907339138e+53 7.908732178093068951e+53
1.194714746067666271e+43 1.677415394510507078e+45 9.720743874709202437e+46 2.805764949768170132e+48 4.631458571668065403e+49 4.786013888279203903e+50 3.295871831582317752e+51 1.586169108157880677e+52 5.549601053454496510e+52 1.462435532885077695e+53 3.003254152575323843e+53 4.977721225649165407e+53 6.914540800558330609e+53 8.383726114299025551e+53 9.248746705521569814e+53 9.641023788360371596e+53 9.774232874061651090e+53 9.805869753271792244e+53 9.810093402503080294e+53 9.687398688639280209e+53
1.130101517610541543e+43 1.625639946583243190e+45 9.818465368193957137e+46 2.941018616415302434e+48 4.972066833283387310e+49 5.192366757699910932e+50 3.578219466770336072e+51 1.712953257702802014e+52 5.943156892613473709e+52 1.551312268587147017e+53 3.156060295735049296e+53 5.187594004303527494e+53 7.158456932660939874e+53 8.640325034858095795e+53 9.508895822161714134e+53 9.904324386677688227e+53 1.004144673279765044e+54 1.007602573865396963e+54 1.008225533230755332e+54 1.013702119192823692e+54
9.293540808498880531e+42 1.385537378006136592e+45 8.577988461460404206e+46 2.619065478577155320e+48 4.477506335970566858e+49 4.694849554991546010e+50 3.232155159952266945e+51 1.541019364052047253e+52 5.316463478660352340e+52 1.379088774361169433e+53 2.788551678183144640e+53 4.558595555606449168e+53 6.263266229203992704e+53 7.537715133628233949e+53 8.282907525300963473e+53 8.623506757676717135e+53 8.743559763632978781e+53 8.775127750897567538e+53 8.781583161049583834e+53 8.958178815880217090e+53
6.661117810101511810e+42 1.033138084645265393e+45 6.500421906535792667e+46 2.003809814537042551e+48 3.439580524283155391e+49 3.606511411053759844e+50 2.476471293849413292e+51 1.175986292105809494e+52 4.038235135238151352e+52 1.042532105980809795e+53 2.098583703636764682e+53 3.417341667247419468e+53 4.681053960757737206e+53 5.622337203954847041e+53 6.172058080686377388e+53 6.424187829880518438e+53 6.514140779567134807e+53 6.538475807347383696e+53 6.543439468327172705e+53 6.633417052063106065e+53
4.252588593464813503e+42 6.764995408574666469e+44 4.292236594276310652e+46 1.327090015835380499e+48 2.276757573229563608e+49 2.380903386625930588e+50 1.628740773270500257e+51 7.701907288478450076e+51 2.633662202329183331e+52 6.772379116754675174e+52 1.358486022088524853e+53 2.205752643565180603e+53 3.014884163800413345e+53 3.616160699574981989e+53 3.967139952616950796e+53 4.128551580791738905e+53 4.186613119328112748e+53 4.202601821944393030e+53 4.205655338136695555e+53 4.168559989872709464e+53
2.465265978922154031e+42 3.920955449086434708e+44 2.486731467673897959e+46 7.665949168540579070e+47 1.309495407977795286e+49 1.362781668555657328e+50 9.277758519064212476e+50 4.367523031530919493e+51 1.487475068721181025e+52 3.811765822872969428e+52 7.624305351388765886e+52 1.235216704958865590e+53 1.685722827358510636e+53 2.020061591788466774e+53 2.215215460068292119e+53 2.305127997017779408e+53 2.337619503152348358e+53 2.346646262279515927e+53 2.348307868583499593e+53 2.293166596144614608e+53
1.305221813472892093e+42 2.027748050464340089e+44 1.273527793631116658e+46 3.891463442530649733e+47 6.594821691353016887e+48 6.815631735724753356e+49 4.612577217917052089e+50 2.160631433278207654e+51 7.328865228453387015e+51 1.872071331108173026e+52 3.735475113002528343e+52 6.041570540333871674e+52 8.236225042346935810e+52 9.864184656293517430e+52 1.081469336949480892e+53 1.125302404009975582e+53 1.141162324693499995e+53 1.145572877401825865e+53 1.146424012569952468e+53 1.131007145779739352e+53
6.282206912543171984e+41 9.414226030350190787e+43 5.801646214896578879e+45 1.747217714965593964e+47 2.927287435342031892e+48 2.998011195143605170e+49 2.014513486466134176e+50 9.384117416377692546e+50 3.169653003994852803e+51 8.071429417535286893e+51 1.607115568399414154e+52 2.595827180959148154e+52 3.536321641107396659e+52 4.234118374023257091e+52 4.641752771903437099e+52 4.829748051268574588e+52 4.897644689030277307e+52 4.916407436330376306e+52 4.920364679126114549e+52 4.978509752080113037e+52
2.731414916354697104e+41 3.933630889923048733e+43 2.358710399755542653e+45 6.964269567961653023e+46 1.149742548633775111e+48 1.164548862000625256e+49 7.760210531743184868e+49 3.592543251677258749e+50 1.208005456834597311e+51 3.066659515725675703e+51 6.094252503348263208e+51 9.833376617299387219e+51 1.339094354294718965e+52 1.603268267230213373e+52 1.757706958667047847e+52 1.828880322587835488e+52 1.854463399929780426e+52 1.861438288086837720e+52 1.862976271014634511e+52 1.912774152764443335e+52
1.066213023027710871e+41 1.471724785591391746e+43 8.524476827309338820e+44 2.456386790923251952e+46 3.984664997261436039e+47 3.984446981393868927e+48 2.630255684652640562e+49 1.209416216651738958e+50 4.047471250534198048e+50 1.024325636319764489e+51 2.032005657146696295e+51 3.276244384385656964e+51 4.461083073234867307e+51 5.342157710948115131e+51 5.857742595297338255e+51 6.095009599560147074e+51 6.179654243567585799e+51 6.202254079613435519e+51 6.206948808324362188e+51 6.307610699741987183e+51
3.674519075749795813e+40 4.823084359487539139e+42 2.682788869272234994e+44 7.517167888056818018e+45 1.195428498778483577e+47 1.178416847368704541e+48 7.699658605360947974e+48 3.514790951958383865e+49 1.170506948384382845e+50 2.953265513330146815e+50 5.849267960566902184e+50 9.426224459446547309e+50 1.283742564903823923e+51 1.537911891926444245e+51 1.686826528210443926e+51 1.755214141750367922e+51 1.779363116578689638e+51 1.785627362386601755e+51 1.786709087888861622e+51 1.768995927740509793e+51
