1.407083152066068063e-35 9.763708753656770440e-36 6.607236898996441603e-36 4.361908542892797524e-36 2.819205991971573068e-36 1.801601181985184877e-36 1.162555669334657221e-36 7.865206311358514470e-37 5.889368652193893798e-37 5.162347901306908279e-37 5.458344451299938788e-37 6.861454901923716873e-37 9.765672059813665708e-37 1.487488493662071796e-36 2.320287936891162449e-36 3.607333986801239184e-36 5.511939473765198386e-36 8.228345751854102891e-36 1.199198560970096731e-35 1.706346916841961546e-35
1.607751810044811626e-33 1.219188966700033921e-33 9.222830341331351192e-34 6.998420691512632682e-34 5.369962191676470110e-34 4.211978003925305687e-34 3.422212972871172614e-34 2.921633625589457111e-34 2.654428171619066905e-34 2.588006502962547979e-34 2.713000194086079011e-34 3.043262501919170743e-34 3.615868365827444832e-34 4.491114408353608903e-34 5.752518989156441622e-34 7.506821442797514724e-34 9.883946594397063428e-34 1.303726430626326332e-33 1.715078105574323178e-33 2.240408290454501461e-33
5.633010315721637778e-32 4.698222720644672662e-32 3.957029635562054007e-32 3.379549782841060967e-32 2.940296577607266055e-32 2.618178207703976448e-32 2.396497636005289769e-32 2.262952600406557862e-32 2.209635613824269926e-32 2.233033964196074688e-32 2.334029714480803661e-32 2.517899702658295716e-32 2.794315541726137138e-32 3.177343620060624348e-32 3.685445108606436586e-32 4.341475613080540840e-32 5.172679924163812290e-32 6.210799185632814467e-32 7.493191330962131739e-32 9.051608911059157847e-32
1.006680112152348976e-30 9.066565402031686079e-31 8.262184383696541858e-31 7.632031692345423190e-31 7.158220211439661386e-31 6.826601890604866146e-31 6.626767746384680495e-31 6.552047862266786255e-31 6.599511388682936455e-31 6.769966543008964960e-31 7.067960609564805741e-31 7.501779939614292315e-31 8.083449951367606509e-31 8.828735130404516147e-31 9.757139028483127715e-31 1.089190384510203002e-30 1.226000937547800935e-30 1.389230666322665971e-30 1.582400917203124779e-30 1.808137075552228159e-30
1.060135418770637694e-29 1.005275609109778789e-29 9.625705900848035708e-30 9.312405233640566650e-30 9.106888038460022539e-30 9.005020538112762821e-30 9.004501227052312784e-30 9.104860871367861706e-30 9.307462508784288070e-30 9.615501448662250659e-30 1.003400527199815351e-29 1.056983383142404224e-29 1.123167925121187097e-29 1.203006592744583404e-29 1.297735052304274258e-29 1.408772177579134429e-29 1.537720230723122451e-29 1.686371862214553240e-29 1.856698673738202707e-29 2.050101316048141642e-29
7.010180795207994773e-29 6.858692848304225257e-29 6.760002167692985468e-29 6.712743047343734024e-29 6.716155552746264889e-29 6.770085576643284417e-29 6.874984839550473570e-29 7.031910889748561054e-29 7.242527103283173099e-29 7.509102683964885026e-29 7.834512663369226855e-29 8.222237900836658638e-29 8.676365083474377577e-29 9.201586726176421611e-29 9.803201169204080989e-29 1.048711254387687997e-28 1.125983191178818708e-28 1.212849378804183091e-28 1.310070347185172855e-28 1.418236005623627239e-28
3.072597491847612054e-28 3.060164419388332134e-28 3.065054629562493290e-28 3.087255726024813831e-28 3.126908691724362524e-28 3.184307889010737109e-28 3.259901060036143688e-28 3.354289326760123026e-28 3.468227190949539784e-28 3.602622534178597771e-28 3.758536617828834111e-28 3.937184083089121487e-28 4.139932950956051535e-28 4.368304622230458277e-28 4.623973876980508266e-28 4.908768873680273760e-28 5.224671421436077001e-28 5.573818375294007652e-28 5.958453145168233803e-28 6.380613075761070316e-28
9.478044972190677285e-28 9.527941149031007997e-28 9.622887871646018751e-28 9.763460056211648132e-28 9.950560883528423252e-28 1.018542172715314388e-27 1.046960215265103478e-27 1.080498991760016890e-27 1.119380097159144584e-27 1.163857945622862950e-27 1.214219770512838039e-27 1.270785624392020361e-27 1.333908379024696722e-27 1.403973725374879692e-27 1.481400173529107679e-27 1.566639053113891242e-27 1.660174546489168176e-27 1.762523609472075732e-27 1.874228834175294397e-27 1.995847645040997300e-27
2.198018979118235306e-27 2.219005204906940011e-27 2.249604328982105429e-27 2.289997421630607269e-27 2.340428127492795843e-27 2.401202659844872611e-27 2.472689800345107085e-27 2.555320899032039943e-27 2.649589874324476926e-27 2.756053213021491354e-27 2.875329970302433092e-27 3.008101769726913481e-27 3.155112803234832966e-27 3.317169831142722378e-27 3.495142182049348245e-27 3.689961753539664514e-27 3.902623042788237228e-27 4.134183014578426592e-27 4.385756814119376494e-27 4.658549953100371081e-27
4.094035684197863724e-27 4.140285972695330037e-27 4.203822755893054546e-27 4.285015281839789923e-27 4.384339360369981125e-27 4.502377383414350527e-27 4.639818324977127028e-27 4.797457741133910870e-27 4.976197770031674361e-27 5.177047131888744653e-27 5.401121128994837464e-27 5.649641645711019051e-27 5.923937148469650967e-27 6.225442685769049970e-27 6.555699888102672089e-27 6.916356969699929798e-27 7.309168775342190245e-27 7.735997022228453559e-27 8.198811526219623904e-27 8.699735360218458969e-27
6.473251200715785835e-27 6.553574334464000533e-27 6.660612265993131993e-27 6.794978802434916328e-27 6.957446358168666340e-27 7.148945995742189988e-27 7.370567426271900421e-27 7.623559009441600597e-27 7.909327753502395748e-27 8.229439315272737867e-27 8.585618000138425706e-27 8.979746762052570337e-27 9.413867203535500447e-27 9.890179575671625583e-27 1.041104277816242523e-26 1.097897436349182568e-26 1.159665061253933461e-26 1.226690707467440888e-26 1.299274000909100381e-26 1.377729802177366427e-26
8.990702567799266291e-27 9.116412004470087970e-27 9.278040467367429585e-27 9.476488394137304647e-27 9.712858721197351640e-27 9.988456910660853407e-27 1.030479095105798157e-26 1.066357135734043565e-26 1.106671117088139572e-26 1.151632595947555111e-26 1.201473381733912335e-26 1.256445536510979301e-26 1.316821374984675994e-26 1.382893464503378822e-26 1.454974625077939460e-26 1.533397929918787478e-26 1.618516711714120970e-26 1.710704568891657921e-26 1.810354679197195064e-26 1.917869818380025217e-26
1.109137517265413436e-26 1.127141520240689520e-26 1.149373921884746894e-26 1.175952350224808110e-26 1.207016533670949963e-26 1.242728299211339978e-26 1.283271572459643042e-26 1.328852377655978498e-26 1.379698837666919433e-26 1.436061173985497411e-26 1.498211706731204911e-26 1.566444854649988585e-26 1.641077135114268772e-26 1.722447164123563692e-26 1.810915656322566977e-26 1.906865425235651907e-26 2.010701381702747318e-26 2.122850428468778384e-26 2.243759719753633372e-26 2.373880556453413456e-26
1.210355393251637932e-26 1.233097064302897550e-26 1.260209648847712286e-26 1.291827281009054510e-26 1.328104926333843743e-26 1.369218375464344366e-26 1.415364244080876054e-26 1.466759972901789522e-26 1.523643827683462514e-26 1.586274899220307258e-26 1.654933103344769896e-26 1.729919180927323308e-26 1.811554697876484906e-26 1.900182045139000015e-26 1.996164438696975751e-26 2.099885919249912948e-26 2.211751341979371211e-26 2.332186191195768992e-26 2.461634493200237630e-26 2.600544000577244422e-26
1.158044940083547757e-26 1.182519068849507601e-26 1.210968279363693908e-26 1.243524053744757941e-26 1.280335145048323947e-26 1.321567571065974782e-26 1.367404614213531299e-26 1.418046821530066555e-26 1.473712004677900930e-26 1.534635239942600120e-26 1.601068868232982598e-26 1.673282495081108993e-26 1.751562990642282955e-26 1.836214489694575044e-26 1.927558391618047530e-26 2.025933359786891516e-26 2.131695309435061343e-26 2.245217243660492918e-26 2.366887798516952185e-26 2.497103531215554991e-26
9.645840425788450455e-27 9.866265131164467709e-27 1.011856998305647834e-26 1.040386012375034245e-26 1.072336934963813347e-26 1.107846009658789702e-26 1.147062343948062779e-26 1.190147909220461736e-26 1.237277540765537099e-26 1.288638937773570949e-26 1.344432663335565874e-26 1.404872144443253718e-26 1.470183671989073346e-26 1.540606400765592075e-26 1.616392349446594310e-26 1.697806400156860939e-26 1.785126291674841685e-26 1.878642548871756209e-26 1.978658076709832458e-26 2.085488108256569792e-26
6.970834226400183187e-27 7.135866004655584531e-27 7.323519010360829079e-27 7.534593635165281810e-27 7.769978149407108516e-27 8.030648726655418196e-27 8.317669444022244019e-27 8.632192282164727284e-27 8.975457125285075810e-27 9.348791761130606984e-27 9.753611880993753500e-27 1.019142107971202461e-26 1.066381085566797314e-26 1.117246061078703447e-26 1.171913765048635118e-26 1.230569718296542138e-26 1.293408231739907029e-26 1.360632421143165395e-26 1.432454552408158252e-26 1.509100238309826389e-26
4.370375875327472428e-27 4.472787543449872631e-27 4.589459801942372313e-27 4.720894705376934464e-27 4.867650235598088472e-27 5.030340328183334504e-27 5.209634872852927844e-27 5.406259713473512845e-27 5.620996648058145178e-27 5.854683428766271019e-27 6.108213761903757187e-27 6.382537307922857422e-27 6.678659681422264758e-27 6.997642451148171223e-27 7.340603140039677615e-27 7.708715226588943214e-27 8.103208174480677470e-27 8.525367905288201863e-27 8.976542311110474799e-27 9.458187883111842666e-27
2.382400040430192059e-27 2.434811195185385968e-27 2.495248129193412059e-27 2.563983621607969325e-27 2.641323909738633318e-27 2.727608699299423102e-27 2.823211164546500677e-27 2.928537948279187275e-27 3.044029161839948290e-27 3.170158385114402606e-27 3.307432666531330488e-27 3.456392523062661027e-27 3.617611940223512319e-27 3.791698372073767375e-27 3.979292741272149088e-27 4.181069440466279606e-27 4.397736359049260651e-27 4.630035267500819599e-27 4.878745910953599360e-27 5.144717953060441832e-27
1.133432670765583373e-27 1.155244764881620634e-27 1.181110738965391560e-27 1.211157752261825545e-27 1.245531803986494927e-27 1.284397732592729157e-27 1.327939215734148075e-27 1.376358770264092956e-27 1.429877752235629565e-27 1.488736356901542230e-27 1.553193618714343356e-27 1.623527411326260326e-27 1.700034447589263487e-27 1.783030279555771232e-27 1.872849298503548546e-27 1.969844735587335094e-27 2.074388674595847439e-27 2.186872237941134786e-27 2.307707592050213467e-27 2.437343750498994469e-27
4.727164767204535681e-28 4.798123502234976060e-28 4.887559072216146669e-28 4.995966352316505430e-28 5.123939617886186974e-28 5.272172517787400588e-28 5.441458073912525245e-28 5.632688681179787768e-28 5.846856107533233242e-28 6.085051493942739360e-28 6.348465354404013731e-28 6.638387575938588504e-28 6.956207418593824847e-28 7.303413515443496785e-28 7.681593872621608908e-28 8.092435870547116874e-28 8.537726294104705409e-28 9.019351856177001067e-28 9.539305665383524269e-28 1.009974411187020110e-27
1.734855185076689099e-28 1.750631243590779964e-28 1.774038649097337848e-28 1.805226786320006852e-28 1.844393772874060483e-28 1.891786446644804373e-28 1.947700365640222231e-28 2.012479807990410171e-28 2.086517771947573794e-28 2.170255975886034692e-28 2.264184858302225741e-28 2.368843577814692216e-28 2.484820013164065792e-28 2.612750763212030937e-28 2.753321146914259008e-28 2.907265202856851537e-28 3.075365685114322600e-28 3.258454075114021168e-28 3.457411476703322022e-28 3.673181547167184259e-28
5.597449271178619064e-29 5.604292647638529045e-29 5.639676404787396297e-29 5.703861089478941336e-29 5.797326374426392810e-29 5.920771036087187299e-29 6.075112954737148442e-29 6.261489114474500260e-29 6.481255603219905270e-29 6.735987612716440943e-29 7.027479438529635577e-29 7.357744480047425701e-29 7.729015240480051812e-29 8.143743326854020465e-29 8.604599449815842894e-29 9.114473419135876962e-29 9.676474072839418482e-29 1.029392854990685291e-28 1.097037821205497070e-28 1.170957879036349351e-28
1.563253492171164745e-29 1.549255348852202648e-29 1.544771693385797228e-29 1.549755316364852893e-29 1.564247036849359115e-29 1.588375706786897417e-29 1.622358211196029589e-29 1.666499468168073964e-29 1.721192428867110193e-29 1.786918077529980638e-29 1.864245431466292619e-29 1.953831541058413649e-29 2.056421489761448169e-29 2.172848394101783004e-29 2.304033403616070064e-29 2.450985699141152037e-29 2.614802460170837933e-29 2.796668445215569406e-29 2.997852519193435411e-29 3.219691671099896269e-29
