0.9475262571669624
0.9682252314508523
0.9737686102937374
0.9750897865325766
0.9721170847014634
0.9695457976671625
0.9691077084209205
0.9662211991672973
0.9618269951100187
0.9544283151952297
0.9505761586925429
0.9508072639880322
0.9448896450105666
0.9379248501705173
0.9307821365167779
0.9213665309524045
0.9239606340297286
0.9154072448125619
0.9057189977623208
0.8913728424522713
0.8913657331039565
0.8849269606696102
0.8718505772665213
0.8581935914353757
0.854418390565068
0.8444413029113135
0.82899123796639
0.8215594246926032
0.8096632810668818
0.7966662473771092
0.7847525471806237
0.7757302986585162
0.7585038024734374
0.7472427269753535
0.7381557885548109
0.7190310679487079
0.7091707179761816