0.046211404598730715
0.12036473406110422
0.1891270726679581
0.23076356943017715
0.23872975557640919
0.2498293895397697
0.27059249982874184
0.2690202464099429
0.24770569817838764
0.21765439411444407
0.21355833013442538
0.2306741715746378
0.22604719452600558
0.208970302650816
0.19071706706524325
0.17851059222263488
0.19369592477353675
0.19144583186835426
0.17677974628543652
0.1576721696452585
0.16053622612651816
0.16197144713332867
0.15233074809691055
0.1405338672868148
0.13876777403309032
0.13494456033380559
0.12661028730370438
0.12272555721909104
0.11781550018112218
0.11213813629361587
0.10752459691263076
0.10454348634168667
0.09875339034076776
0.09532578858163106
0.09404570825571677
0.09113587323670538
0.09284325682136586