0.046211404598730715
0.12036473406110422
0.1891270726679581
0.23076356943017715
0.23872975557640919
0.2498293895397697
0.27059249982874184
0.2690202464099429
0.24770569817838764
0.21765439411444407
0.21355833013442538
0.2306741715746378
0.22604719452600558
0.208970302650816
0.19071706706524325
0.17851059222263488
0.19369592477353675
0.19144583186835426
0.17677974628543652
0.1576721696452585
0.160536226126518
0.16197144713332168
0.15233074809672173
0.14053386728290188
0.1387677739646037
0.13494455939419647
0.12661027732419353
0.12272546863425181
0.11781486475456883
0.11213441683858272
0.10750638860483011
0.10446780083669747
0.09849520367777082
0.09455869343727556
0.0920421139798411
0.08667236759475859
0.08367679559449177
0.08091486528639238
0.07613708015107332
0.07425044075348089
0.0710590842586752
0.06797589219732673
0.06621194193341692
0.06337638565869042
0.063118273184755
0.062492681712834564