0.010545002379802555
0.03947174429953844
0.08035163481206369
0.11751538362979985
0.1376981419391762
0.15611346923732886
0.17587314145999144
0.17498787085672066
0.15643946440746065
0.13157483568707087
0.12381314852797584
0.12922406271539183
0.12245946944745645
0.10863173011793623
0.09433032708457913
0.08387632846663193
0.08690184189712818
0.08242122352116331
0.07300923603900733
0.06221249710885225
0.06032016095453542
0.05793473885869134
0.051912545998925703
0.045624495715854474
0.04286136520105539
0.0395975480019707
0.03526391942290099
0.03242875094565912
0.029521653248358752
0.026633894617529377
0.024196693531581225
0.022280411563939145
0.019912379014797872
0.018134450669431576
0.01676587408825891
0.015023154333086824
0.013837032900111948